sdef  dir=d1  erg=fdir d2  x=201.01 y=d23 z=d24  vec=1 0 0  par=n
si1     -1.000000  0.000000  0.500000  0.866000  0.965900  0.984800
         0.996190  0.997564  0.998629  0.999390  0.999847  1.000000
sp1 0    5.88042e+10  2.54212e+11  1.00775e+12  1.92299e+12  2.11094e+12
         6.75929e+12  2.91486e+12  3.82590e+12  4.72889e+12  4.92559e+12
         1.94812e+12
ds2 q   -1.000000 11  0.000000 12  0.500000 13  0.866000 14  0.965900 15
         0.984800 16  0.996190 17  0.997564 18  0.998629 19  0.999390 20
         0.999847 21  1.000000 22
si11 0   1.0000e+00
si12 0   1.0000e-09  1.2589e-09  1.5849e-09  1.9953e-09  2.5119e-09
         3.1623e-09  3.9811e-09  5.0119e-09  6.3096e-09  7.9433e-09
         1.0000e-08  1.2589e-08  1.5849e-08  1.9953e-08  2.5119e-08
         3.1623e-08  3.9811e-08  5.0119e-08  6.3096e-08  7.9433e-08
         1.0000e-07  1.2589e-07  1.5849e-07  1.9953e-07  2.5119e-07
         3.1623e-07  3.9811e-07  5.0119e-07  6.3096e-07  7.9433e-07
         1.0000e-06  1.2589e-06  1.5849e-06  1.9953e-06  2.5119e-06
         3.1623e-06  3.9811e-06  5.0119e-06  6.3096e-06  7.9433e-06
         1.0000e-05  1.2589e-05  1.5849e-05  1.9953e-05  2.5119e-05
         3.1623e-05  3.9811e-05  5.0119e-05  6.3096e-05  7.9433e-05
         1.0000e-04  1.2589e-04  1.5849e-04  1.9953e-04  2.5119e-04
         3.1623e-04  3.9811e-04  5.0119e-04  6.3096e-04  7.9433e-04
         1.0000e-03  1.2589e-03  1.5849e-03  1.9953e-03  2.5119e-03
         3.1623e-03  3.9811e-03  5.0119e-03  6.3096e-03  7.9433e-03
         1.0000e-02  1.2589e-02  1.5849e-02  1.9953e-02  2.5119e-02
         3.1623e-02  3.9811e-02  5.0119e-02  6.3096e-02  7.9433e-02
         1.0000e-01  1.2589e-01  1.5849e-01  1.9953e-01  2.5119e-01
         3.1623e-01  3.9811e-01  5.0119e-01  6.3096e-01  7.9433e-01
         1.0000e+00  1.2589e+00  1.5849e+00  1.9953e+00  2.5119e+00
         3.1623e+00  3.9811e+00  5.0119e+00  6.3096e+00  7.9433e+00
         1.0000e+01  1.2589e+01  1.5849e+01  1.9953e+01  2.5119e+01
         3.1623e+01  3.9811e+01  5.0119e+01  6.3096e+01  7.9433e+01
         1.0000e+02  1.2589e+02  1.5849e+02  1.9953e+02  2.5119e+02
         3.1623e+02  3.9811e+02  5.0119e+02  6.3096e+02  7.9433e+02
         1.0000e+03  1.2589e+03  1.5849e+03  1.9953e+03  2.0000e+03
si13 0   1.0000e-09  1.2589e-09  1.5849e-09  1.9953e-09  2.5119e-09
         3.1623e-09  3.9811e-09  5.0119e-09  6.3096e-09  7.9433e-09
         1.0000e-08  1.2589e-08  1.5849e-08  1.9953e-08  2.5119e-08
         3.1623e-08  3.9811e-08  5.0119e-08  6.3096e-08  7.9433e-08
         1.0000e-07  1.2589e-07  1.5849e-07  1.9953e-07  2.5119e-07
         3.1623e-07  3.9811e-07  5.0119e-07  6.3096e-07  7.9433e-07
         1.0000e-06  1.2589e-06  1.5849e-06  1.9953e-06  2.5119e-06
         3.1623e-06  3.9811e-06  5.0119e-06  6.3096e-06  7.9433e-06
         1.0000e-05  1.2589e-05  1.5849e-05  1.9953e-05  2.5119e-05
         3.1623e-05  3.9811e-05  5.0119e-05  6.3096e-05  7.9433e-05
         1.0000e-04  1.2589e-04  1.5849e-04  1.9953e-04  2.5119e-04
         3.1623e-04  3.9811e-04  5.0119e-04  6.3096e-04  7.9433e-04
         1.0000e-03  1.2589e-03  1.5849e-03  1.9953e-03  2.5119e-03
         3.1623e-03  3.9811e-03  5.0119e-03  6.3096e-03  7.9433e-03
         1.0000e-02  1.2589e-02  1.5849e-02  1.9953e-02  2.5119e-02
         3.1623e-02  3.9811e-02  5.0119e-02  6.3096e-02  7.9433e-02
         1.0000e-01  1.2589e-01  1.5849e-01  1.9953e-01  2.5119e-01
         3.1623e-01  3.9811e-01  5.0119e-01  6.3096e-01  7.9433e-01
         1.0000e+00  1.2589e+00  1.5849e+00  1.9953e+00  2.5119e+00
         3.1623e+00  3.9811e+00  5.0119e+00  6.3096e+00  7.9433e+00
         1.0000e+01  1.2589e+01  1.5849e+01  1.9953e+01  2.5119e+01
         3.1623e+01  3.9811e+01  5.0119e+01  6.3096e+01  7.9433e+01
         1.0000e+02  1.2589e+02  1.5849e+02  1.9953e+02  2.5119e+02
         3.1623e+02  3.9811e+02  5.0119e+02  6.3096e+02  7.9433e+02
         1.0000e+03  1.2589e+03  1.5849e+03  1.9953e+03  2.0000e+03
si14 0   1.0000e-09  1.2589e-09  1.5849e-09  1.9953e-09  2.5119e-09
         3.1623e-09  3.9811e-09  5.0119e-09  6.3096e-09  7.9433e-09
         1.0000e-08  1.2589e-08  1.5849e-08  1.9953e-08  2.5119e-08
         3.1623e-08  3.9811e-08  5.0119e-08  6.3096e-08  7.9433e-08
         1.0000e-07  1.2589e-07  1.5849e-07  1.9953e-07  2.5119e-07
         3.1623e-07  3.9811e-07  5.0119e-07  6.3096e-07  7.9433e-07
         1.0000e-06  1.2589e-06  1.5849e-06  1.9953e-06  2.5119e-06
         3.1623e-06  3.9811e-06  5.0119e-06  6.3096e-06  7.9433e-06
         1.0000e-05  1.2589e-05  1.5849e-05  1.9953e-05  2.5119e-05
         3.1623e-05  3.9811e-05  5.0119e-05  6.3096e-05  7.9433e-05
         1.0000e-04  1.2589e-04  1.5849e-04  1.9953e-04  2.5119e-04
         3.1623e-04  3.9811e-04  5.0119e-04  6.3096e-04  7.9433e-04
         1.0000e-03  1.2589e-03  1.5849e-03  1.9953e-03  2.5119e-03
         3.1623e-03  3.9811e-03  5.0119e-03  6.3096e-03  7.9433e-03
         1.0000e-02  1.2589e-02  1.5849e-02  1.9953e-02  2.5119e-02
         3.1623e-02  3.9811e-02  5.0119e-02  6.3096e-02  7.9433e-02
         1.0000e-01  1.2589e-01  1.5849e-01  1.9953e-01  2.5119e-01
         3.1623e-01  3.9811e-01  5.0119e-01  6.3096e-01  7.9433e-01
         1.0000e+00  1.2589e+00  1.5849e+00  1.9953e+00  2.5119e+00
         3.1623e+00  3.9811e+00  5.0119e+00  6.3096e+00  7.9433e+00
         1.0000e+01  1.2589e+01  1.5849e+01  1.9953e+01  2.5119e+01
         3.1623e+01  3.9811e+01  5.0119e+01  6.3096e+01  7.9433e+01
         1.0000e+02  1.2589e+02  1.5849e+02  1.9953e+02  2.5119e+02
         3.1623e+02  3.9811e+02  5.0119e+02  6.3096e+02  7.9433e+02
         1.0000e+03  1.2589e+03  1.5849e+03  1.9953e+03  2.0000e+03
si15 0   1.0000e-09  1.2589e-09  1.5849e-09  1.9953e-09  2.5119e-09
         3.1623e-09  3.9811e-09  5.0119e-09  6.3096e-09  7.9433e-09
         1.0000e-08  1.2589e-08  1.5849e-08  1.9953e-08  2.5119e-08
         3.1623e-08  3.9811e-08  5.0119e-08  6.3096e-08  7.9433e-08
         1.0000e-07  1.2589e-07  1.5849e-07  1.9953e-07  2.5119e-07
         3.1623e-07  3.9811e-07  5.0119e-07  6.3096e-07  7.9433e-07
         1.0000e-06  1.2589e-06  1.5849e-06  1.9953e-06  2.5119e-06
         3.1623e-06  3.9811e-06  5.0119e-06  6.3096e-06  7.9433e-06
         1.0000e-05  1.2589e-05  1.5849e-05  1.9953e-05  2.5119e-05
         3.1623e-05  3.9811e-05  5.0119e-05  6.3096e-05  7.9433e-05
         1.0000e-04  1.2589e-04  1.5849e-04  1.9953e-04  2.5119e-04
         3.1623e-04  3.9811e-04  5.0119e-04  6.3096e-04  7.9433e-04
         1.0000e-03  1.2589e-03  1.5849e-03  1.9953e-03  2.5119e-03
         3.1623e-03  3.9811e-03  5.0119e-03  6.3096e-03  7.9433e-03
         1.0000e-02  1.2589e-02  1.5849e-02  1.9953e-02  2.5119e-02
         3.1623e-02  3.9811e-02  5.0119e-02  6.3096e-02  7.9433e-02
         1.0000e-01  1.2589e-01  1.5849e-01  1.9953e-01  2.5119e-01
         3.1623e-01  3.9811e-01  5.0119e-01  6.3096e-01  7.9433e-01
         1.0000e+00  1.2589e+00  1.5849e+00  1.9953e+00  2.5119e+00
         3.1623e+00  3.9811e+00  5.0119e+00  6.3096e+00  7.9433e+00
         1.0000e+01  1.2589e+01  1.5849e+01  1.9953e+01  2.5119e+01
         3.1623e+01  3.9811e+01  5.0119e+01  6.3096e+01  7.9433e+01
         1.0000e+02  1.2589e+02  1.5849e+02  1.9953e+02  2.5119e+02
         3.1623e+02  3.9811e+02  5.0119e+02  6.3096e+02  7.9433e+02
         1.0000e+03  1.2589e+03  1.5849e+03  1.9953e+03  2.0000e+03
si16 0   1.0000e-09  1.2589e-09  1.5849e-09  1.9953e-09  2.5119e-09
         3.1623e-09  3.9811e-09  5.0119e-09  6.3096e-09  7.9433e-09
         1.0000e-08  1.2589e-08  1.5849e-08  1.9953e-08  2.5119e-08
         3.1623e-08  3.9811e-08  5.0119e-08  6.3096e-08  7.9433e-08
         1.0000e-07  1.2589e-07  1.5849e-07  1.9953e-07  2.5119e-07
         3.1623e-07  3.9811e-07  5.0119e-07  6.3096e-07  7.9433e-07
         1.0000e-06  1.2589e-06  1.5849e-06  1.9953e-06  2.5119e-06
         3.1623e-06  3.9811e-06  5.0119e-06  6.3096e-06  7.9433e-06
         1.0000e-05  1.2589e-05  1.5849e-05  1.9953e-05  2.5119e-05
         3.1623e-05  3.9811e-05  5.0119e-05  6.3096e-05  7.9433e-05
         1.0000e-04  1.2589e-04  1.5849e-04  1.9953e-04  2.5119e-04
         3.1623e-04  3.9811e-04  5.0119e-04  6.3096e-04  7.9433e-04
         1.0000e-03  1.2589e-03  1.5849e-03  1.9953e-03  2.5119e-03
         3.1623e-03  3.9811e-03  5.0119e-03  6.3096e-03  7.9433e-03
         1.0000e-02  1.2589e-02  1.5849e-02  1.9953e-02  2.5119e-02
         3.1623e-02  3.9811e-02  5.0119e-02  6.3096e-02  7.9433e-02
         1.0000e-01  1.2589e-01  1.5849e-01  1.9953e-01  2.5119e-01
         3.1623e-01  3.9811e-01  5.0119e-01  6.3096e-01  7.9433e-01
         1.0000e+00  1.2589e+00  1.5849e+00  1.9953e+00  2.5119e+00
         3.1623e+00  3.9811e+00  5.0119e+00  6.3096e+00  7.9433e+00
         1.0000e+01  1.2589e+01  1.5849e+01  1.9953e+01  2.5119e+01
         3.1623e+01  3.9811e+01  5.0119e+01  6.3096e+01  7.9433e+01
         1.0000e+02  1.2589e+02  1.5849e+02  1.9953e+02  2.5119e+02
         3.1623e+02  3.9811e+02  5.0119e+02  6.3096e+02  7.9433e+02
         1.0000e+03  1.2589e+03  1.5849e+03  1.9953e+03  2.0000e+03
si17 0   1.0000e-09  1.2589e-09  1.5849e-09  1.9953e-09  2.5119e-09
         3.1623e-09  3.9811e-09  5.0119e-09  6.3096e-09  7.9433e-09
         1.0000e-08  1.2589e-08  1.5849e-08  1.9953e-08  2.5119e-08
         3.1623e-08  3.9811e-08  5.0119e-08  6.3096e-08  7.9433e-08
         1.0000e-07  1.2589e-07  1.5849e-07  1.9953e-07  2.5119e-07
         3.1623e-07  3.9811e-07  5.0119e-07  6.3096e-07  7.9433e-07
         1.0000e-06  1.2589e-06  1.5849e-06  1.9953e-06  2.5119e-06
         3.1623e-06  3.9811e-06  5.0119e-06  6.3096e-06  7.9433e-06
         1.0000e-05  1.2589e-05  1.5849e-05  1.9953e-05  2.5119e-05
         3.1623e-05  3.9811e-05  5.0119e-05  6.3096e-05  7.9433e-05
         1.0000e-04  1.2589e-04  1.5849e-04  1.9953e-04  2.5119e-04
         3.1623e-04  3.9811e-04  5.0119e-04  6.3096e-04  7.9433e-04
         1.0000e-03  1.2589e-03  1.5849e-03  1.9953e-03  2.5119e-03
         3.1623e-03  3.9811e-03  5.0119e-03  6.3096e-03  7.9433e-03
         1.0000e-02  1.2589e-02  1.5849e-02  1.9953e-02  2.5119e-02
         3.1623e-02  3.9811e-02  5.0119e-02  6.3096e-02  7.9433e-02
         1.0000e-01  1.2589e-01  1.5849e-01  1.9953e-01  2.5119e-01
         3.1623e-01  3.9811e-01  5.0119e-01  6.3096e-01  7.9433e-01
         1.0000e+00  1.2589e+00  1.5849e+00  1.9953e+00  2.5119e+00
         3.1623e+00  3.9811e+00  5.0119e+00  6.3096e+00  7.9433e+00
         1.0000e+01  1.2589e+01  1.5849e+01  1.9953e+01  2.5119e+01
         3.1623e+01  3.9811e+01  5.0119e+01  6.3096e+01  7.9433e+01
         1.0000e+02  1.2589e+02  1.5849e+02  1.9953e+02  2.5119e+02
         3.1623e+02  3.9811e+02  5.0119e+02  6.3096e+02  7.9433e+02
         1.0000e+03  1.2589e+03  1.5849e+03  1.9953e+03  2.0000e+03
si18 0   1.0000e-09  1.2589e-09  1.5849e-09  1.9953e-09  2.5119e-09
         3.1623e-09  3.9811e-09  5.0119e-09  6.3096e-09  7.9433e-09
         1.0000e-08  1.2589e-08  1.5849e-08  1.9953e-08  2.5119e-08
         3.1623e-08  3.9811e-08  5.0119e-08  6.3096e-08  7.9433e-08
         1.0000e-07  1.2589e-07  1.5849e-07  1.9953e-07  2.5119e-07
         3.1623e-07  3.9811e-07  5.0119e-07  6.3096e-07  7.9433e-07
         1.0000e-06  1.2589e-06  1.5849e-06  1.9953e-06  2.5119e-06
         3.1623e-06  3.9811e-06  5.0119e-06  6.3096e-06  7.9433e-06
         1.0000e-05  1.2589e-05  1.5849e-05  1.9953e-05  2.5119e-05
         3.1623e-05  3.9811e-05  5.0119e-05  6.3096e-05  7.9433e-05
         1.0000e-04  1.2589e-04  1.5849e-04  1.9953e-04  2.5119e-04
         3.1623e-04  3.9811e-04  5.0119e-04  6.3096e-04  7.9433e-04
         1.0000e-03  1.2589e-03  1.5849e-03  1.9953e-03  2.5119e-03
         3.1623e-03  3.9811e-03  5.0119e-03  6.3096e-03  7.9433e-03
         1.0000e-02  1.2589e-02  1.5849e-02  1.9953e-02  2.5119e-02
         3.1623e-02  3.9811e-02  5.0119e-02  6.3096e-02  7.9433e-02
         1.0000e-01  1.2589e-01  1.5849e-01  1.9953e-01  2.5119e-01
         3.1623e-01  3.9811e-01  5.0119e-01  6.3096e-01  7.9433e-01
         1.0000e+00  1.2589e+00  1.5849e+00  1.9953e+00  2.5119e+00
         3.1623e+00  3.9811e+00  5.0119e+00  6.3096e+00  7.9433e+00
         1.0000e+01  1.2589e+01  1.5849e+01  1.9953e+01  2.5119e+01
         3.1623e+01  3.9811e+01  5.0119e+01  6.3096e+01  7.9433e+01
         1.0000e+02  1.2589e+02  1.5849e+02  1.9953e+02  2.5119e+02
         3.1623e+02  3.9811e+02  5.0119e+02  6.3096e+02  7.9433e+02
         1.0000e+03  1.2589e+03  1.5849e+03  1.9953e+03  2.0000e+03
si19 0   1.0000e-09  1.2589e-09  1.5849e-09  1.9953e-09  2.5119e-09
         3.1623e-09  3.9811e-09  5.0119e-09  6.3096e-09  7.9433e-09
         1.0000e-08  1.2589e-08  1.5849e-08  1.9953e-08  2.5119e-08
         3.1623e-08  3.9811e-08  5.0119e-08  6.3096e-08  7.9433e-08
         1.0000e-07  1.2589e-07  1.5849e-07  1.9953e-07  2.5119e-07
         3.1623e-07  3.9811e-07  5.0119e-07  6.3096e-07  7.9433e-07
         1.0000e-06  1.2589e-06  1.5849e-06  1.9953e-06  2.5119e-06
         3.1623e-06  3.9811e-06  5.0119e-06  6.3096e-06  7.9433e-06
         1.0000e-05  1.2589e-05  1.5849e-05  1.9953e-05  2.5119e-05
         3.1623e-05  3.9811e-05  5.0119e-05  6.3096e-05  7.9433e-05
         1.0000e-04  1.2589e-04  1.5849e-04  1.9953e-04  2.5119e-04
         3.1623e-04  3.9811e-04  5.0119e-04  6.3096e-04  7.9433e-04
         1.0000e-03  1.2589e-03  1.5849e-03  1.9953e-03  2.5119e-03
         3.1623e-03  3.9811e-03  5.0119e-03  6.3096e-03  7.9433e-03
         1.0000e-02  1.2589e-02  1.5849e-02  1.9953e-02  2.5119e-02
         3.1623e-02  3.9811e-02  5.0119e-02  6.3096e-02  7.9433e-02
         1.0000e-01  1.2589e-01  1.5849e-01  1.9953e-01  2.5119e-01
         3.1623e-01  3.9811e-01  5.0119e-01  6.3096e-01  7.9433e-01
         1.0000e+00  1.2589e+00  1.5849e+00  1.9953e+00  2.5119e+00
         3.1623e+00  3.9811e+00  5.0119e+00  6.3096e+00  7.9433e+00
         1.0000e+01  1.2589e+01  1.5849e+01  1.9953e+01  2.5119e+01
         3.1623e+01  3.9811e+01  5.0119e+01  6.3096e+01  7.9433e+01
         1.0000e+02  1.2589e+02  1.5849e+02  1.9953e+02  2.5119e+02
         3.1623e+02  3.9811e+02  5.0119e+02  6.3096e+02  7.9433e+02
         1.0000e+03  1.2589e+03  1.5849e+03  1.9953e+03  2.0000e+03
si20 0   1.0000e-09  1.2589e-09  1.5849e-09  1.9953e-09  2.5119e-09
         3.1623e-09  3.9811e-09  5.0119e-09  6.3096e-09  7.9433e-09
         1.0000e-08  1.2589e-08  1.5849e-08  1.9953e-08  2.5119e-08
         3.1623e-08  3.9811e-08  5.0119e-08  6.3096e-08  7.9433e-08
         1.0000e-07  1.2589e-07  1.5849e-07  1.9953e-07  2.5119e-07
         3.1623e-07  3.9811e-07  5.0119e-07  6.3096e-07  7.9433e-07
         1.0000e-06  1.2589e-06  1.5849e-06  1.9953e-06  2.5119e-06
         3.1623e-06  3.9811e-06  5.0119e-06  6.3096e-06  7.9433e-06
         1.0000e-05  1.2589e-05  1.5849e-05  1.9953e-05  2.5119e-05
         3.1623e-05  3.9811e-05  5.0119e-05  6.3096e-05  7.9433e-05
         1.0000e-04  1.2589e-04  1.5849e-04  1.9953e-04  2.5119e-04
         3.1623e-04  3.9811e-04  5.0119e-04  6.3096e-04  7.9433e-04
         1.0000e-03  1.2589e-03  1.5849e-03  1.9953e-03  2.5119e-03
         3.1623e-03  3.9811e-03  5.0119e-03  6.3096e-03  7.9433e-03
         1.0000e-02  1.2589e-02  1.5849e-02  1.9953e-02  2.5119e-02
         3.1623e-02  3.9811e-02  5.0119e-02  6.3096e-02  7.9433e-02
         1.0000e-01  1.2589e-01  1.5849e-01  1.9953e-01  2.5119e-01
         3.1623e-01  3.9811e-01  5.0119e-01  6.3096e-01  7.9433e-01
         1.0000e+00  1.2589e+00  1.5849e+00  1.9953e+00  2.5119e+00
         3.1623e+00  3.9811e+00  5.0119e+00  6.3096e+00  7.9433e+00
         1.0000e+01  1.2589e+01  1.5849e+01  1.9953e+01  2.5119e+01
         3.1623e+01  3.9811e+01  5.0119e+01  6.3096e+01  7.9433e+01
         1.0000e+02  1.2589e+02  1.5849e+02  1.9953e+02  2.5119e+02
         3.1623e+02  3.9811e+02  5.0119e+02  6.3096e+02  7.9433e+02
         1.0000e+03  1.2589e+03  1.5849e+03  1.9953e+03  2.0000e+03
si21 0   1.0000e-09  1.2589e-09  1.5849e-09  1.9953e-09  2.5119e-09
         3.1623e-09  3.9811e-09  5.0119e-09  6.3096e-09  7.9433e-09
         1.0000e-08  1.2589e-08  1.5849e-08  1.9953e-08  2.5119e-08
         3.1623e-08  3.9811e-08  5.0119e-08  6.3096e-08  7.9433e-08
         1.0000e-07  1.2589e-07  1.5849e-07  1.9953e-07  2.5119e-07
         3.1623e-07  3.9811e-07  5.0119e-07  6.3096e-07  7.9433e-07
         1.0000e-06  1.2589e-06  1.5849e-06  1.9953e-06  2.5119e-06
         3.1623e-06  3.9811e-06  5.0119e-06  6.3096e-06  7.9433e-06
         1.0000e-05  1.2589e-05  1.5849e-05  1.9953e-05  2.5119e-05
         3.1623e-05  3.9811e-05  5.0119e-05  6.3096e-05  7.9433e-05
         1.0000e-04  1.2589e-04  1.5849e-04  1.9953e-04  2.5119e-04
         3.1623e-04  3.9811e-04  5.0119e-04  6.3096e-04  7.9433e-04
         1.0000e-03  1.2589e-03  1.5849e-03  1.9953e-03  2.5119e-03
         3.1623e-03  3.9811e-03  5.0119e-03  6.3096e-03  7.9433e-03
         1.0000e-02  1.2589e-02  1.5849e-02  1.9953e-02  2.5119e-02
         3.1623e-02  3.9811e-02  5.0119e-02  6.3096e-02  7.9433e-02
         1.0000e-01  1.2589e-01  1.5849e-01  1.9953e-01  2.5119e-01
         3.1623e-01  3.9811e-01  5.0119e-01  6.3096e-01  7.9433e-01
         1.0000e+00  1.2589e+00  1.5849e+00  1.9953e+00  2.5119e+00
         3.1623e+00  3.9811e+00  5.0119e+00  6.3096e+00  7.9433e+00
         1.0000e+01  1.2589e+01  1.5849e+01  1.9953e+01  2.5119e+01
         3.1623e+01  3.9811e+01  5.0119e+01  6.3096e+01  7.9433e+01
         1.0000e+02  1.2589e+02  1.5849e+02  1.9953e+02  2.5119e+02
         3.1623e+02  3.9811e+02  5.0119e+02  6.3096e+02  7.9433e+02
         1.0000e+03  1.2589e+03  1.5849e+03  1.9953e+03  2.0000e+03
si22 0   1.0000e-09  1.2589e-09  1.5849e-09  1.9953e-09  2.5119e-09
         3.1623e-09  3.9811e-09  5.0119e-09  6.3096e-09  7.9433e-09
         1.0000e-08  1.2589e-08  1.5849e-08  1.9953e-08  2.5119e-08
         3.1623e-08  3.9811e-08  5.0119e-08  6.3096e-08  7.9433e-08
         1.0000e-07  1.2589e-07  1.5849e-07  1.9953e-07  2.5119e-07
         3.1623e-07  3.9811e-07  5.0119e-07  6.3096e-07  7.9433e-07
         1.0000e-06  1.2589e-06  1.5849e-06  1.9953e-06  2.5119e-06
         3.1623e-06  3.9811e-06  5.0119e-06  6.3096e-06  7.9433e-06
         1.0000e-05  1.2589e-05  1.5849e-05  1.9953e-05  2.5119e-05
         3.1623e-05  3.9811e-05  5.0119e-05  6.3096e-05  7.9433e-05
         1.0000e-04  1.2589e-04  1.5849e-04  1.9953e-04  2.5119e-04
         3.1623e-04  3.9811e-04  5.0119e-04  6.3096e-04  7.9433e-04
         1.0000e-03  1.2589e-03  1.5849e-03  1.9953e-03  2.5119e-03
         3.1623e-03  3.9811e-03  5.0119e-03  6.3096e-03  7.9433e-03
         1.0000e-02  1.2589e-02  1.5849e-02  1.9953e-02  2.5119e-02
         3.1623e-02  3.9811e-02  5.0119e-02  6.3096e-02  7.9433e-02
         1.0000e-01  1.2589e-01  1.5849e-01  1.9953e-01  2.5119e-01
         3.1623e-01  3.9811e-01  5.0119e-01  6.3096e-01  7.9433e-01
         1.0000e+00  1.2589e+00  1.5849e+00  1.9953e+00  2.5119e+00
         3.1623e+00  3.9811e+00  5.0119e+00  6.3096e+00  7.9433e+00
         1.0000e+01  1.2589e+01  1.5849e+01  1.9953e+01  2.5119e+01
         3.1623e+01  3.9811e+01  5.0119e+01  6.3096e+01  7.9433e+01
         1.0000e+02  1.2589e+02  1.5849e+02  1.9953e+02  2.5119e+02
         3.1623e+02  3.9811e+02  5.0119e+02  6.3096e+02  7.9433e+02
         1.0000e+03  1.2589e+03  1.5849e+03  1.9953e+03  2.0000e+03
si23    -5.0000e+00  5.0000e+00
si24     8.7000e+00  1.8700e+01
sp11 0   1.0000e-20
sp12 0   5.52433e+07  1.08201e+07  4.48904e+07  0.00000e+00  9.90685e+06
         8.34783e+07  0.00000e+00  2.21957e+08  2.17994e+08  2.88441e+08
         3.34582e+08  1.53156e+08  4.75234e+08  7.64908e+08  1.18575e+09
         7.54061e+08  1.31878e+09  1.11820e+09  1.00480e+09  7.16691e+08
         1.20752e+09  1.39496e+09  1.21918e+09  3.17331e+08  4.36360e+08
         4.00355e+08  5.41219e+08  7.18423e+08  2.96420e+08  3.07167e+08
         3.79808e+08  3.28198e+08  2.86002e+08  2.42485e+08  4.21347e+08
         5.88684e+08  2.19118e+08  6.41972e+08  4.55781e+08  6.68413e+08
         7.84918e+08  2.78482e+08  3.93194e+08  3.60353e+08  6.07703e+08
         7.24450e+08  1.28373e+08  2.41503e+08  6.82871e+08  3.42572e+08
         3.40226e+08  9.77560e+07  3.13119e+08  5.11795e+08  4.38921e+08
         4.27543e+08  4.23258e+08  8.74162e+08  6.12429e+08  4.96081e+08
         6.74484e+08  4.30620e+08  7.50067e+08  5.27342e+08  6.67594e+08
         4.12413e+08  4.23021e+08  7.72635e+08  6.12319e+08  2.89149e+08
         2.44133e+08  7.38239e+08  5.64558e+08  5.16734e+08  8.04525e+08
         6.53864e+08  7.95264e+08  5.55716e+08  7.56833e+08  1.07679e+09
         7.13623e+08  1.61208e+09  9.16825e+08  1.28063e+09  1.12238e+09
         1.56537e+09  1.53175e+09  1.10767e+09  1.39226e+09  1.97168e+09
         1.15578e+09  7.76259e+08  6.31138e+08  6.30043e+08  3.97755e+08
         2.39639e+08  2.58904e+08  0.00000e+00  1.63057e+08  0.00000e+00
         0.00000e+00  1.61728e+08  0.00000e+00  0.00000e+00  0.00000e+00
         0.00000e+00  0.00000e+00  0.00000e+00  0.00000e+00  0.00000e+00
         0.00000e+00  0.00000e+00  0.00000e+00  0.00000e+00  0.00000e+00
         0.00000e+00  0.00000e+00  0.00000e+00  0.00000e+00  0.00000e+00
         0.00000e+00  0.00000e+00  0.00000e+00  0.00000e+00  0.00000e+00
sp13 0   0.00000e+00  0.00000e+00  0.00000e+00  0.00000e+00  5.22436e+07
         3.56992e+07  3.19840e+07  2.74747e+08  5.65405e+08  7.65986e+08
         2.40555e+09  3.28443e+09  2.24590e+09  2.47990e+09  2.66237e+09
         4.16328e+09  4.48150e+09  5.42771e+09  5.19748e+09  5.71111e+09
         4.40538e+09  4.53977e+09  2.68937e+09  2.03924e+09  1.76143e+09
         1.80927e+09  2.37866e+09  1.80305e+09  2.68571e+09  1.58012e+09
         2.11563e+09  2.85868e+09  2.96765e+09  2.29436e+09  2.12831e+09
         1.52161e+09  2.86900e+09  2.23463e+09  1.93463e+09  2.32278e+09
         2.43137e+09  1.90035e+09  1.51655e+09  2.56430e+09  2.07643e+09
         1.74659e+09  2.26181e+09  1.85847e+09  2.94775e+09  2.38413e+09
         3.02102e+09  3.42701e+09  2.53311e+09  2.05988e+09  2.82760e+09
         2.97956e+09  2.03597e+09  2.69774e+09  1.99797e+09  2.18263e+09
         2.68895e+09  2.17351e+09  2.78529e+09  3.20188e+09  2.39554e+09
         2.76079e+09  2.26127e+09  2.56909e+09  2.11307e+09  1.68634e+09
         1.18540e+09  3.02515e+09  1.88289e+09  1.99525e+09  2.98678e+09
         4.76445e+09  2.07793e+09  3.12245e+09  2.99331e+09  4.08825e+09
         2.85658e+09  2.68642e+09  3.98000e+09  4.23980e+09  4.04202e+09
         3.72327e+09  4.04879e+09  4.12248e+09  5.55558e+09  4.98089e+09
         4.09361e+09  3.18447e+09  2.94995e+09  2.13273e+09  1.12804e+09
         1.66935e+09  1.03908e+09  5.55408e+08  4.77139e+08  3.59745e+08
         5.95178e+08  2.81295e+08  8.61620e+07  4.46809e+08  4.87500e+08
         3.90000e+08  7.80000e+08  1.95000e+08  2.92500e+08  9.75000e+07
         5.85000e+08  4.87500e+08  7.80000e+08  4.87500e+08  5.85000e+08
         2.92500e+08  9.75000e+07  2.92500e+08  9.75000e+07  0.00000e+00
         0.00000e+00  9.75000e+07  0.00000e+00  0.00000e+00  0.00000e+00  
sp14 0   4.39104e+07  0.00000e+00  3.39118e+07  0.00000e+00  4.12683e+07
         9.94199e+07  3.52488e+08  4.41032e+08  1.63097e+09  2.04386e+09
         3.50213e+09  4.53988e+09  8.26705e+09  1.04026e+10  1.25765e+10
         1.40164e+10  1.81953e+10  1.95087e+10  1.96164e+10  1.96254e+10
         1.69708e+10  1.37253e+10  1.09473e+10  8.27688e+09  6.75484e+09
         6.50951e+09  7.06316e+09  7.75770e+09  8.86827e+09  7.66967e+09
         7.20750e+09  8.38184e+09  8.12324e+09  8.51127e+09  8.24324e+09
         9.22282e+09  8.39164e+09  8.76548e+09  1.12233e+10  9.67272e+09
         1.07454e+10  1.15646e+10  1.00304e+10  9.51859e+09  1.14696e+10
         9.59003e+09  9.83377e+09  9.92802e+09  1.15418e+10  9.87170e+09
         9.97552e+09  1.24208e+10  1.03479e+10  1.18760e+10  1.30658e+10
         1.38158e+10  7.51097e+09  9.70020e+09  1.10029e+10  1.12589e+10
         1.05403e+10  1.02958e+10  1.39651e+10  1.22258e+10  1.05603e+10
         1.05722e+10  1.12290e+10  1.09872e+10  1.14912e+10  1.05706e+10
         9.86621e+09  1.00256e+10  1.06836e+10  8.22537e+09  1.28965e+10
         1.56129e+10  6.55047e+09  1.26007e+10  1.25316e+10  1.72589e+10
         7.98645e+09  1.52528e+10  1.85250e+10  1.38454e+10  1.57934e+10
         2.15525e+10  2.15704e+10  1.58954e+10  2.01265e+10  1.84398e+10
         1.27461e+10  1.38938e+10  1.16642e+10  7.62369e+09  7.56548e+09
         5.20372e+09  4.01757e+09  2.48406e+09  2.03369e+09  2.00722e+09
         7.63452e+08  9.20280e+08  9.93350e+08  1.01155e+09  5.68168e+08
         7.74961e+08  1.07250e+09  3.90000e+08  5.85000e+08  6.82500e+08
         1.95000e+08  2.92500e+08  9.75000e+07  0.00000e+00  9.75000e+07
         0.00000e+00  9.75000e+07  0.00000e+00  0.00000e+00  0.00000e+00
         0.00000e+00  0.00000e+00  0.00000e+00  0.00000e+00  0.00000e+00
sp15 0   8.05504e+07  0.00000e+00  7.05530e+07  1.82997e+08  1.41583e+08
         2.27925e+08  3.39746e+08  6.12888e+08  1.80773e+09  2.00802e+09
         2.99058e+09  4.06434e+09  6.48008e+09  7.81418e+09  1.03850e+10
         1.26708e+10  1.69706e+10  2.18193e+10  2.40214e+10  2.48328e+10
         2.11571e+10  1.74109e+10  1.26968e+10  9.95177e+09  8.86543e+09
         9.90360e+09  1.02963e+10  1.00704e+10  1.26561e+10  1.16554e+10
         1.36718e+10  1.34958e+10  1.48705e+10  1.38251e+10  1.53419e+10
         1.61514e+10  1.62337e+10  1.39154e+10  1.61808e+10  1.73369e+10
         1.80488e+10  1.81316e+10  1.85460e+10  1.85664e+10  1.76077e+10
         1.42026e+10  1.84962e+10  1.89525e+10  1.94272e+10  2.04696e+10
         1.93558e+10  2.09706e+10  2.08550e+10  2.40952e+10  2.25863e+10
         2.21909e+10  1.07793e+10  1.93486e+10  2.17859e+10  2.21460e+10
         2.24181e+10  1.98829e+10  2.55959e+10  2.93574e+10  2.08333e+10
         2.39810e+10  2.27651e+10  2.17002e+10  1.86156e+10  2.02675e+10
         1.91591e+10  2.68565e+10  2.01503e+10  2.22206e+10  3.45463e+10
         3.78919e+10  1.56890e+10  2.59683e+10  2.82396e+10  3.87611e+10
         2.42614e+10  3.84409e+10  4.34954e+10  3.90571e+10  3.53427e+10
         5.59082e+10  4.70189e+10  3.86360e+10  6.32080e+10  4.49624e+10
         3.77283e+10  3.14950e+10  2.07480e+10  1.85026e+10  1.49469e+10
         1.13460e+10  9.81767e+09  8.36372e+09  4.92942e+09  4.47306e+09
         3.85334e+09  3.26046e+09  3.18872e+09  3.16609e+09  3.67240e+09
         3.19393e+09  4.48500e+09  3.21748e+09  2.63250e+09  1.85250e+09
         1.17000e+09  1.17000e+09  3.90000e+08  1.95000e+08  1.95000e+08
         0.00000e+00  0.00000e+00  0.00000e+00  0.00000e+00  0.00000e+00
         0.00000e+00  0.00000e+00  0.00000e+00  0.00000e+00  0.00000e+00
sp16 0   3.89780e+07  9.68055e+07  1.00731e+08  1.51553e+08  1.24535e+08
         3.43991e+08  5.15584e+08  7.80210e+08  1.25416e+09  2.93984e+09
         3.47237e+09  4.44717e+09  6.64441e+09  8.81820e+09  1.32854e+10
         1.40100e+10  2.04027e+10  2.17844e+10  2.52924e+10  2.42916e+10
         2.25224e+10  1.76482e+10  1.45751e+10  1.20641e+10  9.37654e+09
         9.35191e+09  8.89325e+09  1.00075e+10  9.87898e+09  1.09417e+10
         1.17943e+10  1.19710e+10  1.26947e+10  1.33054e+10  1.53342e+10
         1.53169e+10  1.41141e+10  1.59614e+10  1.55812e+10  1.56500e+10
         1.61112e+10  1.77446e+10  1.75780e+10  2.03088e+10  1.79682e+10
         1.63429e+10  1.71534e+10  1.60269e+10  1.99141e+10  1.92151e+10
         1.88897e+10  1.76469e+10  1.81141e+10  1.93991e+10  2.09742e+10
         2.08364e+10  1.12282e+10  2.16529e+10  2.23324e+10  2.01955e+10
         1.92571e+10  1.97813e+10  2.35739e+10  2.62865e+10  1.83876e+10
         2.32757e+10  2.31119e+10  2.11168e+10  2.36969e+10  1.89129e+10
         1.89180e+10  2.46514e+10  2.32886e+10  2.40197e+10  3.98579e+10
         3.64985e+10  2.06012e+10  3.16720e+10  3.13980e+10  4.81892e+10
         2.89508e+10  4.34969e+10  4.83967e+10  4.30517e+10  4.26027e+10
         7.57815e+10  6.38193e+10  5.09050e+10  7.28443e+10  6.57779e+10
         4.82917e+10  4.60991e+10  3.38756e+10  2.61933e+10  2.00329e+10
         1.59984e+10  1.27636e+10  8.59697e+09  8.64594e+09  5.39101e+09
         5.08940e+09  4.14531e+09  3.82621e+09  4.50644e+09  4.13219e+09
         4.56884e+09  4.38542e+09  4.67998e+09  3.60750e+09  3.60750e+09
         2.14500e+09  1.56000e+09  2.92500e+08  5.85000e+08  3.90000e+08
         0.00000e+00  0.00000e+00  0.00000e+00  0.00000e+00  0.00000e+00
         0.00000e+00  0.00000e+00  0.00000e+00  0.00000e+00  0.00000e+00  
sp17 0   2.30823e+09  1.57892e+09  2.35715e+09  3.68836e+09  5.30644e+09
         8.08241e+09  1.29372e+10  1.86275e+10  2.84620e+10  3.91913e+10
         5.60665e+10  8.72785e+10  1.22151e+11  1.59225e+11  2.22605e+11
         2.76347e+11  3.36559e+11  3.84618e+11  3.96408e+11  3.70290e+11
         3.07884e+11  2.14461e+11  1.35869e+11  7.59507e+10  5.46330e+10
         4.11128e+10  4.07693e+10  3.77465e+10  3.73106e+10  3.90304e+10
         3.82096e+10  3.79606e+10  3.37102e+10  3.76810e+10  3.97625e+10
         3.89229e+10  3.66714e+10  4.00383e+10  3.81201e+10  4.03560e+10
         4.27788e+10  3.61538e+10  3.95408e+10  3.79565e+10  3.88710e+10
         3.93482e+10  3.79613e+10  3.67865e+10  3.78734e+10  3.85984e+10
         3.76327e+10  3.95052e+10  3.71747e+10  4.01694e+10  4.05398e+10
         4.21406e+10  3.00904e+10  3.87837e+10  4.27500e+10  4.34301e+10
         3.94226e+10  3.54328e+10  4.20756e+10  4.14186e+10  3.47000e+10
         3.88935e+10  4.09825e+10  3.62362e+10  3.89005e+10  3.80083e+10
         3.41453e+10  4.27045e+10  3.76981e+10  3.64788e+10  4.99887e+10
         6.09483e+10  3.33047e+10  4.03019e+10  4.75553e+10  6.93873e+10
         3.70971e+10  5.89882e+10  7.38193e+10  6.05369e+10  6.18070e+10
         8.77339e+10  8.32319e+10  7.02001e+10  9.13314e+10  8.54626e+10
         7.28015e+10  6.29896e+10  5.86040e+10  5.08183e+10  4.75025e+10
         3.95202e+10  2.91845e+10  2.63820e+10  2.36644e+10  1.66393e+10
         1.51121e+10  1.22311e+10  1.12566e+10  9.86034e+09  8.46927e+09
         8.19972e+09  7.79232e+09  8.58000e+09  7.50750e+09  4.97250e+09
         5.26500e+09  1.95000e+09  1.36500e+09  6.82500e+08  3.90000e+08
         1.95000e+08  9.75000e+07  9.75000e+07  0.00000e+00  0.00000e+00
         0.00000e+00  0.00000e+00  0.00000e+00  0.00000e+00  0.00000e+00  
sp18 0   9.34330e+09  4.49724e+09  5.86219e+09  8.38905e+09  1.22983e+10
         1.75587e+10  2.45725e+10  3.37757e+10  4.33400e+10  5.71994e+10
         6.96599e+10  8.41494e+10  9.37034e+10  1.00694e+11  1.09989e+11
         1.21285e+11  1.43450e+11  1.62510e+11  1.58008e+11  1.47252e+11
         1.22489e+11  8.25628e+10  5.05695e+10  3.11229e+10  2.18928e+10
         1.82450e+10  1.57083e+10  1.53042e+10  1.56198e+10  1.70405e+10
         1.47822e+10  1.29917e+10  1.46305e+10  1.43113e+10  1.39531e+10
         1.43705e+10  1.40788e+10  1.62154e+10  1.28639e+10  1.34083e+10
         1.50190e+10  1.40145e+10  1.68571e+10  1.54409e+10  1.56713e+10
         1.32682e+10  1.49094e+10  1.28716e+10  1.52701e+10  1.48150e+10
         1.17207e+10  1.32066e+10  1.23116e+10  1.41575e+10  1.57120e+10
         1.30899e+10  1.06785e+10  1.22805e+10  1.42622e+10  1.45216e+10
         1.39954e+10  1.27031e+10  1.46848e+10  1.45353e+10  1.12390e+10
         1.41886e+10  1.32487e+10  1.34115e+10  1.26244e+10  1.18710e+10
         1.35567e+10  1.30878e+10  1.32175e+10  1.44181e+10  1.59273e+10
         2.16397e+10  1.18424e+10  1.29623e+10  1.45568e+10  2.47332e+10
         1.18911e+10  1.98963e+10  2.28612e+10  1.96792e+10  1.94129e+10
         2.65499e+10  2.16509e+10  2.46692e+10  2.97186e+10  2.30991e+10
         2.35732e+10  2.14560e+10  2.22389e+10  1.67509e+10  1.71796e+10
         1.32845e+10  1.11181e+10  1.03497e+10  8.73514e+09  6.28846e+09
         4.97939e+09  4.44382e+09  3.31911e+09  3.69695e+09  3.37725e+09
         2.96217e+09  3.21750e+09  3.21750e+09  1.85250e+09  2.24250e+09
         1.07250e+09  1.07250e+09  4.87500e+08  1.95000e+08  9.75000e+07
         0.00000e+00  0.00000e+00  0.00000e+00  0.00000e+00  0.00000e+00
         0.00000e+00  0.00000e+00  0.00000e+00  0.00000e+00  0.00000e+00  
sp19 0   2.64958e+10  1.37080e+10  1.92913e+10  2.46235e+10  3.59577e+10
         4.72487e+10  6.27541e+10  8.05561e+10  9.97634e+10  1.28686e+11
         1.53539e+11  1.66190e+11  1.72517e+11  1.37783e+11  1.24393e+11
         1.35505e+11  1.35704e+11  1.41868e+11  1.47164e+11  1.30117e+11
         1.07664e+11  7.45821e+10  4.70682e+10  3.06147e+10  2.22672e+10
         1.95193e+10  1.74672e+10  1.97193e+10  1.65053e+10  1.84581e+10
         1.99178e+10  1.76067e+10  1.97833e+10  1.70018e+10  1.88265e+10
         1.87958e+10  1.77952e+10  1.74485e+10  1.71127e+10  1.82098e+10
         1.88066e+10  1.90697e+10  1.83107e+10  1.73139e+10  1.79969e+10
         1.58619e+10  1.95402e+10  1.68594e+10  1.75290e+10  2.14425e+10
         1.77793e+10  1.91452e+10  1.97252e+10  1.79064e+10  1.90725e+10
         1.90932e+10  1.55834e+10  1.75736e+10  1.84633e+10  1.81783e+10
         1.89976e+10  1.83082e+10  1.89567e+10  1.90003e+10  1.82028e+10
         1.87701e+10  1.92091e+10  1.71674e+10  1.64648e+10  1.76216e+10
         2.03809e+10  1.84524e+10  1.75904e+10  1.92598e+10  2.02475e+10
         3.02440e+10  1.52160e+10  1.93626e+10  2.21486e+10  3.09464e+10
         1.64556e+10  2.69537e+10  3.09267e+10  2.66136e+10  2.48962e+10
         3.57902e+10  3.24975e+10  3.11617e+10  3.30078e+10  3.64016e+10
         2.98457e+10  3.10463e+10  2.24397e+10  2.06689e+10  2.13209e+10
         1.86938e+10  1.42723e+10  1.06294e+10  1.01153e+10  8.87039e+09
         5.45481e+09  6.00063e+09  3.96792e+09  3.93327e+09  2.35063e+09
         4.15213e+09  3.60750e+09  2.24250e+09  2.82750e+09  2.04750e+09
         1.56000e+09  1.56000e+09  8.77500e+08  4.87500e+08  9.75000e+07
         0.00000e+00  0.00000e+00  9.75000e+07  0.00000e+00  0.00000e+00
         0.00000e+00  0.00000e+00  0.00000e+00  0.00000e+00  0.00000e+00  
sp20 0   4.08382e+10  1.83753e+10  2.60777e+10  3.65223e+10  4.81504e+10
         6.64783e+10  8.65435e+10  1.10758e+11  1.34564e+11  1.67244e+11
         2.02617e+11  2.31306e+11  2.20358e+11  1.62242e+11  1.47703e+11
         1.45360e+11  1.56160e+11  1.62017e+11  1.64751e+11  1.44582e+11
         1.12607e+11  8.56316e+10  5.63468e+10  3.79958e+10  2.57235e+10
         1.94944e+10  2.18950e+10  2.29625e+10  2.35474e+10  2.20007e+10
         2.35229e+10  1.96634e+10  2.13093e+10  2.16393e+10  2.33459e+10
         2.38015e+10  1.91839e+10  2.27994e+10  2.31644e+10  2.13679e+10
         2.28113e+10  2.08561e+10  2.18774e+10  2.23922e+10  2.19775e+10
         2.50649e+10  2.21216e+10  2.24823e+10  2.40897e+10  2.44711e+10
         2.22287e+10  2.18400e+10  2.32780e+10  2.36548e+10  2.34631e+10
         2.37454e+10  2.15829e+10  2.38127e+10  2.35916e+10  2.08942e+10
         2.21014e+10  2.43240e+10  2.41358e+10  2.41286e+10  2.49819e+10
         2.32519e+10  2.36840e+10  2.27316e+10  2.40162e+10  2.03788e+10
         2.23996e+10  2.72650e+10  2.33854e+10  2.39614e+10  2.56945e+10
         3.56560e+10  1.64631e+10  2.23520e+10  2.56079e+10  3.88237e+10
         2.35735e+10  3.03316e+10  3.70889e+10  3.09895e+10  3.21735e+10
         4.21455e+10  4.10724e+10  3.97528e+10  4.85812e+10  4.79722e+10
         3.66264e+10  3.56387e+10  3.19752e+10  2.86928e+10  2.76483e+10
         2.02984e+10  1.82908e+10  1.50010e+10  1.29966e+10  9.07490e+09
         7.67463e+09  5.60634e+09  5.27188e+09  4.27958e+09  4.77220e+09
         3.63639e+09  3.60395e+09  2.92500e+09  2.63250e+09  2.04750e+09
         1.95000e+09  1.17000e+09  7.80000e+08  2.92500e+08  9.75000e+07
         0.00000e+00  0.00000e+00  0.00000e+00  0.00000e+00  0.00000e+00
         0.00000e+00  0.00000e+00  0.00000e+00  0.00000e+00  0.00000e+00  
sp21 0   3.51060e+10  1.76187e+10  2.28422e+10  3.23977e+10  4.42416e+10
         5.88516e+10  7.60047e+10  1.00348e+11  1.25806e+11  1.55808e+11
         1.84420e+11  2.17614e+11  2.03625e+11  1.60625e+11  1.59740e+11
         1.68779e+11  1.82566e+11  1.99475e+11  1.94332e+11  1.86399e+11
         1.47838e+11  9.87968e+10  6.63838e+10  4.35240e+10  2.93417e+10
         2.42645e+10  2.34524e+10  2.53787e+10  2.50767e+10  2.29658e+10
         2.34331e+10  2.40988e+10  2.31379e+10  2.57971e+10  2.65286e+10
         2.26632e+10  2.49848e+10  2.40113e+10  2.48371e+10  2.23631e+10
         2.23598e+10  2.20847e+10  2.32821e+10  2.41259e+10  2.40883e+10
         2.34424e+10  2.43757e+10  2.29188e+10  2.31270e+10  2.47871e+10
         2.46158e+10  2.64901e+10  2.31284e+10  2.78649e+10  2.69094e+10
         2.36387e+10  2.56163e+10  2.22242e+10  2.18930e+10  2.51620e+10
         2.22884e+10  2.29773e+10  2.52352e+10  2.41948e+10  2.67215e+10
         2.30715e+10  2.64053e+10  2.25927e+10  2.49421e+10  2.61167e+10
         2.51912e+10  2.71338e+10  2.12174e+10  2.66754e+10  2.50034e+10
         3.54395e+10  2.00076e+10  2.68299e+10  2.75888e+10  3.73942e+10
         2.52465e+10  3.25913e+10  4.11888e+10  3.33680e+10  3.34517e+10
         4.24628e+10  4.12013e+10  3.72652e+10  4.52516e+10  4.87536e+10
         3.72085e+10  3.64105e+10  3.24958e+10  3.10432e+10  2.54352e+10
         2.14335e+10  1.48036e+10  1.50617e+10  1.01688e+10  7.81363e+09
         6.67918e+09  4.68820e+09  5.46760e+09  3.94009e+09  3.51589e+09
         2.99002e+09  2.63250e+09  2.34000e+09  2.73000e+09  1.46250e+09
         7.80000e+08  4.87500e+08  2.92500e+08  1.95000e+08  9.75000e+07
         0.00000e+00  0.00000e+00  0.00000e+00  0.00000e+00  0.00000e+00
         0.00000e+00  0.00000e+00  0.00000e+00  0.00000e+00  0.00000e+00  
sp22 0   1.28314e+10  6.00605e+09  8.18745e+09  1.11628e+10  1.37746e+10
         1.92685e+10  2.56621e+10  3.34652e+10  4.00299e+10  5.60725e+10
         6.85994e+10  7.81047e+10  8.03369e+10  6.66783e+10  6.62159e+10
         7.05651e+10  8.09209e+10  8.41217e+10  8.45850e+10  7.95977e+10
         6.06251e+10  4.21613e+10  2.70837e+10  1.80101e+10  1.20562e+10
         9.43521e+09  9.09662e+09  9.60176e+09  1.12854e+10  9.51026e+09
         9.85586e+09  9.89322e+09  8.97388e+09  8.70388e+09  9.76305e+09
         1.06484e+10  8.45621e+09  9.11703e+09  1.10536e+10  9.73129e+09
         1.05556e+10  9.66440e+09  1.02430e+10  1.04043e+10  8.08300e+09
         8.18436e+09  1.00472e+10  1.00732e+10  9.76647e+09  9.29427e+09
         9.00409e+09  1.02872e+10  9.47310e+09  7.96123e+09  9.59860e+09
         9.54697e+09  1.01953e+10  1.09235e+10  9.39283e+09  8.30794e+09
         1.10851e+10  9.54573e+09  8.73023e+09  1.03366e+10  9.66334e+09
         9.90378e+09  9.20105e+09  9.20400e+09  1.03931e+10  9.33759e+09
         9.17269e+09  8.84010e+09  1.16969e+10  1.08320e+10  1.21631e+10
         1.22914e+10  6.41959e+09  8.31077e+09  1.14778e+10  1.58801e+10
         9.59956e+09  1.22590e+10  1.60926e+10  1.47238e+10  1.60071e+10
         1.69948e+10  1.72129e+10  1.53749e+10  1.98474e+10  1.91026e+10
         1.41133e+10  1.56718e+10  1.18596e+10  1.11713e+10  9.38560e+09
         7.54809e+09  6.67776e+09  4.75784e+09  5.07691e+09  3.92942e+09
         2.60783e+09  1.39945e+09  1.42221e+09  7.81716e+08  1.91769e+09
         1.46250e+09  9.75000e+08  7.80000e+08  1.07250e+09  2.92500e+08
         0.00000e+00  5.85000e+08  2.92500e+08  1.95000e+08  9.75000e+07
         9.75000e+07  0.00000e+00  0.00000e+00  0.00000e+00  0.00000e+00
         0.00000e+00  0.00000e+00  0.00000e+00  0.00000e+00  0.00000e+00
sp23     0.00000e+00  1.00000e+00
sp24     0.00000e+00  1.00000e+00
